387601
891961
5115
5584
5287
4977
5195
4687
18277
895549
2590192
700181
318163
73498
131586
165485
317770
339872
387138
251530
116574
246072
355847
201365
937231
24646
1174859
10149
121395
26017
418524
2482821
683762
14790
295372
496254
25709
310451
4881
359111
4477
51186
76486
361524
1039538
23200
7126
206979
39945
46739
62723
40714
213409
94389
913436
382888
542202
17136
778506
1579305
1337655
372439
113369
125489
20877
64505
32878
159192
404444
259986
236345
119
9687
1237
6063
30777
11386
5048
9968
2972
1775
4544
4490
7597
27731
11056
11274
4150
720
17820
858
3023
8152
8775
6594
101435
6570
7709
4106
6930
45491
3757
57452
190412
12532
414
67377
8684
24198
52993
180330
20846
110808
1049
11725
6958
25044
15687
138169
7142
55766
13988
10255
13392
3952
13902
14499
9922
1206
19003
1928
15478
11687
12002
1095
15348
1614
26548
2295
22105
4859
15385
2002
3448
8754
2019
16894
1337
19691
1291
24703
15516
2349
20257
10988
10874
2589
21950
32810
14007
17657
13045
4165
5468
48982
107783
35033
87789
22813
7768
67133
105882
5287
15171
407787
815
21411
24286
42439
231097
38943
16765
696544
54003
1879
29100
84904
7284
871
17229
2135141
461721
11072
183589
760162
20923
13900
57713
55005
5063
7760
46908
19743
23678
3621
31932
4764
1329
8845
48171
46103
8967
8119
433798
261996
23909
82186
15332
66436
155258
30104
19078
263582
33192
607292
61309
136027
114856
177183
209157
988
26677
41760
230073
10758
205166
530995
43051
264353
59255
126029
136311
23475
364168
47489
194285
228640
354163
321712
160526
85599
226522
80234
143944
107650
39675
288300
35895
298389
76273
98985
224200
167344
159208
999791
134539
728088
543284
27641
28104
16477
46081
12150
97020
4929
248444
240750
20428
28567
194519
315889
3695
7282
133604
52469
17745
7137
4838
4357
7659
11987
100554
49328
231392
254586
8798
19225
45988
95861
107050
3670
81753
487911
206382
105823
745639
126342
27918
13719
57073
117141
109007
760317
332970
2404
1038577
38629
510243
72664
45121
31538
47621
10020
11432
38741
39849
1981
11623
54120
60874
101579
5881
23592
20467
30780
51092
4665
10571
91811
196823
30300
540657
253861
80461
387702
2512
1130
16121
76208
73127
629
111713
41822
1402
5919
37831
38358
31728
5911
11996
5050
4038
224
752513
378965
875690
538911
517032
29228
2707913
467750
49153
277988
82887
21154
242854
1929215
298482
26718
5260
41685
35815
8202
46630
19673
59153
80407
144350
116491
33061
14499
76423
8453
54162
6947
49322
26487
10175
57472
149478
42563
74564
5188
13105
12336
3488
6769
122310
36402
6528
23600
42698
28674
20275
607451
171137
8243
18046
87708
323749
507433
344919
1628845
23396
38379
400190
2042
1054
137
101897
28627
141235
8709
667885
226135
19054
265072
10126
1075
28
164066
16619
624317
32664
118317
16016
163516
69410
259716
393664
11894
376704
266975
1193262
2382902
131664
2593078
51056
357823
34419
1647
9228
83317
82235
216995
152849
165117
1083511
161124
1356486
84398
137352
167598
2983143
631865
150444
575288
66227
1305983
186863
29936
5347
744483
628126
428975
66557
184853
118398
12777
17676
91387
2001165
142084
231869
310106
552526
138368
455168
230354
7070
39675
68472
144430
211268
266502
57168
171434
100970
68550
47218
417437
802811
17073
2040
42538
1791
829573
1098001
2409455
338726
112500
58784
1382
253615
456652
2672757
256165
25053
24752
320811
456130
102421
51763
68199
59792
37454
24827
28601
18025
14689
12645
61717
307474
333766
566185
115092
617648
124186
536180
1473688
635351
1054686
62080
41788
57286
33886
81226
1624
38004
91235
48301
73144
12410
91963
14081
33279
34610
23897
23495
31073
5006
67768
8532
27057
25825
13284
7175
5686
54867
13662
518773
6903
72537
59392
24903
1110
14054
16069
66607
4670
120657
196201
298666
386413
786645
285114
98142
101878
63738
3647048
333994
53990
7525
658847
136471
163381
39651
641955
1843826
6148
356858
30934
163456
139419
455170
258182
13582
264253
36288
1046
3035
4506
3408
3998
148911
98612
227577
82436
17319
89526
2497
1951
2445
11875
13116
3452
8645
8554
12118
13657
39311
169779
99708
3803
2573
6048
1350
3256
3012
540154
3216
1783
1734
1323
8220
4441
4284
4975
21701
2708
1688
7716
3346
8469
5820
6421
7355
3629
4691
4278
2728
3993
2194
1139
123365
2285
65462
259278
30306
64144
267789
55945
444579
616135
4804
169333
63155
36926
9254
39054
1443
293242
6429
63062
31063
38477
8587
12583
33947
14581
55728
12809
32062
6232
30189
29017
455496
8682
3302
68667
5674
38069
1139
65058
47277
27458
6131
43454
372816
32336
39988
221161
81230
126737
15994
69763
71116
31174
12918
50002
16298
51875
22748
41637
12972
26383
25805
39064
138692
23281
64961
3007
36461
49576
41385
9542
40041
128628
75508
40310
445
101291
44268
401976
148
2546032
2345032
217787
290926
225953
753484
1500279
387381
396674
11200
7952
342545
158600
2688
279795
24443
146973
22412
32274
18473
11143
6225
2114
6751
27005
27213
9528
22236
44606
24950
6132
2214
15073
49549
10266
35892
23307
206713
167379
106234
33021
16922
86563
7129
141726
77456
127247
1473
18785
13652
143335
190131
341775
223266
10892
352903
93687
23707
243224
131658
235218
120404
210518
21296
17947
300528
35388
870182
481382
183727
64320
2462
57181
140943
79062
116071
15319
433229
17446
15222
6452
30789
10537
22103
22314
99815
7063
8027
435
36665
11953
12803
5197
78013
5493
18122
5576
40424
5827
1109
1977
4837
7304
19624
13403
21219
92799
155438
253
41263
57529
94185
25318
6730
26346
9024
6587
37884
20263
6509
19097
5357
76874
5768
18231
7266
34890
4383
11841
4640
14090
3259
17899
4130
18616
7603
1087638
86904
66188
162301
307876
605686
4080
265182
174054
1192269
28815
56632
93611
19430
21539
3585
4312
102390
5084
18387
4138
84055
424568
330639
26717
49085
135555
254712
134287
78640
158907
26371
310518
139198
291362
101872
522128
2041131
7504
492304
410402
958259
805475
63708
346351
548853
64501
495554
798
84084
66184
190422
85550
240954
226397
11402
124859
76207
134292
21366
239180
164250
8342
70655
5281
146911
362607
43178
9856
373597
1006804
76366
93012
45060
21047
8971
73486
913826
36612
64541
1307876
665435
126461
506006
274950
150622
7054
8008
96502
497871
3593
14669
542
138341
65198
111121
80571
19344
323819
22150
30161
38513
44069
227977
20868
25641
9821
26403
56984
141968
2692
73579
46171
206968
10554
56678
36536
9371
53647
38381
932
11655
1520060
459492
1300124
964812
412874
240661
70456
326168
37952
98383
83361
23017
29775
22773
62871
88950
9561
53144
21836
90618
132747
3822
47441
16928
29614
76504
51182
78376
4772
33663
7552
110772
203134
5599
19698
93724
12996
1488
7628
20055
5600
19302
5769
86836
9566
6693
11480
153071
8578
12087
19287
2267
42453
20614
49954
18796
266185
107092
45803
9071
21393
6291
19673
3955
17865
4622
18696
3368
49507
7817
17794
4521
29256
115365
18571
7792
21759
3512
52143
19095
18746
16811
15318
3478
46767
4130
17606
4344
29197
3818
17734
4129
17779
3014
17240
3847
45633
6138
16971
4550
28559
102558
17300
6347
21823
3145
43838
12848
17813
12730
47380
28580
43569
19974
14834
14708
1869
25520
8971
7633
30422
107723
17517
5620
20664
21287
29321
4191
3177
16458
10058
18428
4129
29812
7167
19342
3923
16767
4179
18050
3511
44193
5336
16940
4619
28469
73966
16048
32922
22296
68907
6217
12578
21111
5872
28688
4882
17807
3965
16916
4080
17472
4057
44257
6045
14761
34320
10030
4520
35979
8351
14096
36864
4028
1565
440566
49416
112811
6814
31858
1909
13310
16170
30354
3457
42521
22668
22605
21984
9895
89202
22904
42176
10759
41586
19653
1585
10254
9965
869502
166930
164174
558824
15055
37075
60747
100760
37480
906
103620
12577
16793
36362
34701
20630
12073
25934
3485
33410
55783
183679
22382
106037
123903
19310
8879
22041
4825
171728
135114
24840
4431
37235
983
318749
89919
119802
61456
188571
12591
36331
116366
69376
102043
16316
5819
1629
1271
11718
3847
17633
6491
21003
3569
29168
98331
107358
19216
6031
41181
2547
17875
4473
33527
3233
20428
10377
5627
5771
8823
12709
10534
1936
19539
4389
2948
13346
9099
30955
76080
1700
25771
757
53001
780
49359
10264
13478
4992
22114
9870
4004
8556
1028
8601
75754
27709
4324
20081
3716
29456
45106
192755
48715
411206
101605
12379
6192
19412
4487
29666
5348
18233
2811
31031
724890
36429
2819
19132
3979
32954
2934
16890
4847
32681
707366
94930
74058
8475
439221
27448
1174
1752
27226
29637
28005
5440
2519
4530
3322
2771
2758
2626
2551
2432
2203
10092
6946
34963
3199
17815
5152
32276
10324
9451
44563
4893
5002
18163
4269
1111
6300
4511
31762
3197
17632
4345
30530
4172
4269
19203
4509
30674
3607
17758
4057
29177
3504
17432
4760
29009
7592
2214
16966
5907
31889
2882
17378
4170
29539
3595
18235
4200
29400
132627
71547
733
695
7300
4322
39246
23110
4210
11981
36884
13269
11648
22539
49493
30967
39111
17180
147905
52443
3399
19544
4927
19464
4101
18833
3379
19620
6748
24775
6519
17508
3923
28492
8731
30194
17029
31331
13636
754
6143
17665
2760
191001
21575
31528
43539
26075
33197
10380
85093
13475
32728
2547
53485
21267
23033
27668
16365
121729
24892
44187
21183
8062
24733
6396
25843
4447
23568
10196
22457
162817
105874
9316
4844
18268
4946
32133
4939
17298
4380
32627
18818
2744
233670
9042
537979
125403
6804
37469
39713
179110
11786
44007
402791
33986
6408
37846
51944
26846
88932
36684
33251
24204
6355
211395
8253
123970
50962
6133
21592
4682
18330
8791
29122
6946
18278
3922
31578
15576
42650
24777
37266
309885
271075
14389
442654
7734
11669
79453
644
12557
74134
340971
121311
30161
37427
14157
13969
588913
11991
134920
1572587
823198
56755
18370
58871
73506
46973
41855
19896
836408
49681
110416
1179109
64282
65223
145299
327354
10411
11889
378322
141022
553959
33663
14343
5469
83745
33461
212883
12398
39136
145328
19413
223498
208568
1204625
4491
205561
503583
844677
199035
402171
205238
319155
143961
571986
340740
336005
36880
141956
206258
921780
87883
390313
277709
935336
2419357
26055
9449
31441
2406
13781
31616
11189
1086898
535021
2059364
84164
9108
13876
20023
49634
818717
21603
107676
449856
47374
51340
922832
2090951
72346
1521404
1811408
490406
3085
967734
91927
950428
55776
343526
134590
470031
338034
24598
607902
2453431
206330
207671
407872
68945
741994
1646298
71256
55668
7206
514916
8860
547154
1618219
94173
663467
78615
120083
233277
822463
98978
73790
5684
105050
1632237
63348
5264
16566
40453
107257
1867502
3425570
1096
52754
389440
870926
18008
1308
2856
12104
4597
7291
7283
221478
103043
83834
237802
4343
11887
165216
3096
923124
22464
4905585
96624
427128
47859
1554944
34695
312738
46207
1378437
1388751
68535
65292
295139
43384
509717
1466818
1387099
418228
171281
32111
456064
226306
44057
49243
28671
115568
13115
2221542
6245
1666630
39083
1610826
11322
733096
52252
246071
1978401
152822
514650
57709
6173
831389
356915
13222
25791
372255
1388
633248
57766
140836
19468
24117
71540
40267
237184
3634
145697
16713
185495
10465
185216
99005
269257
78843
10830
156488
36782
4665
13729
708811
56032
192979
19368
76925
21843
120829
233613
25268
3003
254412
60663
18174
12892
140279
157258
28402
3964
152498
519457
29213
383700
62263
25039
28816
44165
186292
17408
126649
34023
392502
872455
5487
27733
6273
101319
249327
102797
64998
1885225
90754
140963
551733
33446
65297
94330
580117
6668
10600
155194
866894
319826
84796
143873
16601
163046
3870
205998
319158
331340
4144
19931
29130
6852
140451
396204
444122
44378
152756
2374
28438
13366
29036
287174
85041
12375
118486
9738
11040
57937
16009
34818
26141
13120
13246
42831
42114
72292
151922
58980
19469
654775
119723
184568
765236
42964
114720
109097
107621
341239
21576
20260
5712
5760
18422
18220
11316
220
5676
72253
17097
78236
12178
5757
10119
7210
11632
7637
3403
748
10040
89714
14101
98
2901
3336
8076
1770
8978
7850
585
2622
7970
7322
50622
186886
23012
17306
3320
981232
1465527
204935
22385
255653
225555
5529
1870
254481
24317
77805
205363
197344
433955
1815625
14482
8556593
49598
494261
1445931
19125
671
2500784
940186
5904
660788
2001520
380712
1636215
4111
703314
1977696
87968
289474
1238901
304788
1347604
25556
32233
60498
167512
63675
12738
8280
391160
71360
145066
8273
83840
129187
27857
5412695
75278
1230826
24091
5857
72080
226296
242686
509293
53023
139581
309432
540183
10058
389867
16261
13187
5316
123764
1520174
21309
624377
79037
551068
15462
6020073
224926
1596202
40132
100444
22433
31630
20542
597856
34310
26021
919873
257727
31449
326081
882099
9862
404391
15139
742015
99019
1765428
202895
369740
446910
147487
160795
21531
6728044
48063
300917
4373108
13411
695999
419813
525616
58076
28989
408542
72573
307119
288695
48551
1343
153779
42059
497502
444458
195049
29733
461865
45342
125092
18948
11433
65376
79519
168369
24981
288338
32369
93509
26608
57771
50038
22663
5731
415447
16594
60144
28938
25431
14171
120177
1494
356613
5678
3745
24149
75090
20410
133589
4172
34769
36486
4760
362678
17537
9618
5912
544271
492172
141074
27276
387903
523598
11401
193211
100893
143866
909
22175
265769
362536
80510
107530
152586
172375
18387
128772
114289
4320
58599
166194
58620
13219
28091
127691
31583
82967
97149
6730
108842
155931
6393
103007
15210
17100
61492
31506
13046
15580
231205
45460
317056
85275
5313
52263
437058
144161
5928
4575
61224
11703
3787
281795
37106
12758
38648
6244
41322
15365
107534
11523
208281
108538
13196
894684
658314
48097
335601
136018
21176
35773
510640
26346
341637
223
6878
39619
4356
5911
4755
65794
258232
824604
7557
97451
310036
615849
237844
77
22812
1795
45482
17572
304072
32142
5648
18315
63504
138026
131013
5399
22129
53373
1527
2657067
57559
34106
258095
79823
572351
14229
684120
845146
195658
445929
20854
1165963
194799
118469
249607
430323
44944
61747
75288
118248
158572
116009
100025
49348
267360
42511
7041
72829
35132
24075
282889
106626
4137
64090
209096
299076
78687
64493
4638
48100
60384
73154
42156
19382
326775
19036
33833
105597
5066
41379
303327
335219
804413
175758
320729
147967
50778
104142
13781
5544
239955
112960
13017
83874
617451
152234
186585
721
188767
30248
94028
45511
37700
136346
225
123429
192407
674041
84893
13661
3295
24531
58964
180075
5094
93138
5301
1114
331165
101026
74696
232769
23306
4071
6916
62609
222450
18729
28807
453980
12639
228492
11840
157101
1592
688333
707217
756608
55186
300614
7415
130339
637622
292786
31881
14334
27115
99565
29494
17486
425981
118732
65973
122174
205017
77863
458707
5296
94863
90686
143540
197453
4173
46063
1647
4915
24983
88709
16448
41645
15593
22273
664
4786
77127
470204
37774
19845
676900
161308
35744
450333
112129
765
117841
1527
446018
532994
11236
8844
113455
145898
172054
111725
52548
718222
5750
91527
11919
241250
6390
24243
136
5410
60525
19932
78367
10423
12838
160947
251421
36068
147301
398337
507547
8005
26304
16534
50664
1343
145236
106083
4227
18475
247
11201
68107
68178
72869
6418
30041
41412
7937
25322
23949
7567
133948
4223
103186
39784
169510
279799
170482
3894
127934
4800
172416
236986
63601
48936
129233
8188
77232
105657
409283
2566
37194
31702
507802
171376
34250
17703
264603
705932
477328
56095
1606836
3526386
20890
1143632
82582
489087
911392
80407
734553
818702
28418
759408
94748
207180
11420
799560
279333
87303
20877
75014
157400
121021
184280
191134
21976
155135
1122
70444
97494
87676
22386
46767
847198
41518
51597
198945
751203
230486
204399
138639
84586
1270
55538
43465
180648
729913
108408
54918
109161
92313
192295
164524
8183
215159
82215
34627
281
138084
87271
58818
63909
17734
91245
202969
69491
25824
77181
154811
18459
1571
1206
278693
5429
104013
86662
249361
672609
165027
24755
311415
62221
70220
90575
20030
543857
3166
67617
19090
26879
8962
96407
95185
603661
25530
20448
261310
46005
7923
30997
18414
14255
20619
133480
7773
16907
158901
144458
162237
174382
6623
41204
3534
165588
19976
61682
11357
2713
2707
9040
220865
16476
118574
65335
199526
53271
137392
4140
175348
81632
7146
18941
12798
8468
42314
39640
6046
459766
26117
244137
5804
302868
168256
13868
29202
499112
20852
44126
1807126
27711
9051
287531
100813
348330
2561
1922
1083
1423
2290
39192
15809
13156
36374
14669
17202
20155
2662
3781
1234
9769
9132
1167
6083
230020
100185
576524
2550057
6537
467198
383542
489409
728897
50816
20621
8177
24013
599118
980
18852
641275
431982
45695
177680
36036
16210
249062
98893
27588
160018
448447
1484425
2053324
652
142710
26940
309625
725943
19219
2705780
2671091
50548
1285976
85678
113921
11799
536201
5181192
44752
621160
3198758
26462
303244
5887111
7643
47439
256395
99559
25909
58417
17175
42290
22087
65010
30879
84122
3303
298015
79988
2242
3433
29306
29001
20734
21302
100784
7501
18817
10376
42714
41278
18917
17902
30192
63896
98031
62995
12367
91577
17410
12765
54189
2155
2010
18322
174589
261166
2332832
199582
3402329
25140
698954
21709
354762
70046
20625
32569
1060131
1079569
42390
199115
22194
1687944
578650
1015334
2189
641467
14428
479717
525347
1026696
60350
446477
17350
18886
115047
132657
271249
117508
117549
25910
483020
23059
385044
20430
145416
1744503
56312
351243
166746
2755185
69272
1217259
134956
1732487
3479
2230548
144064
1689072
22276
167633
8992
371935
50400
27914
366
6309059
2230504
27049
102162
447899
1406313
28825
212376
855392
83599
3269045
6498
1504739
970
1427433
2843334
114883
23579
391533
1709022
16961
121515
714
315141
669497
290732
187394
179725
6918
79847
10638
223110
651895
98623
2208013
18261
103581
17142
159553
51869
1147139
252810
59571
260689
886255
21312
3301912
129007
10849
55330
12580
11028
320276
354822
100973
445641
71913
119159
851576
1272512
227379
322232
1112305
433732
208675
279416
238364
875152
144260
705245
123868
5748961
17092
315606
139665
24712
556396
25982
86878
322075
145201
263374
11615
34256
56976
35821
192871
30922
211584
4781
15427
28323
90871
262260
773038
70328
79879
36178
37039
65836
149034
5052
22739
38444
1129
59078
4565
18286
20958
103556
10858
212181
745738
19406
103536
52790
10194
82
34988
168155
317876
191074
1286089
65337
152821
104621
186660
9627
216888
10568
21605
71523
6605
390073
6530
57711
88892
229618
511483
449500
631749
88825
2215
67378
107169
116969
362235
289885
5506
44869
127900
172951
33923
6753
1523207
206781
3013903
38056
855900
42782
193966
402321
57291
80066
1000532
5852
45663
992853
3118
41465
3793
103066
22395
13659
153150
85107
295993
25986
11664
32573
25845
281160
156171
49073
90739
155830
3868
713904
49116
352860
69105
27419
103693
128024
90222
20244
34171
17596
4195
3098
1040316
44778
407260
285669
111315
37389
66448
329168
126999
213169
332636
266740
423488
312218
1274643
554379
1934129
6186807
60473
601623
95817
368542
128065
105609
59155
183896
174006
600740
6591
25047
237409
24856
214131
2450309
48313
45888
673
3669
37120
25674
9549
37759
29571
66072
1329
3848
32986
28824
76081
3060
13994
32773
8585
5013
103568
1905
11378
111396
29181
22169
4386
21187
12933
2301
3758
2710
45217
26147
567381
13809
19675
675970
434587
293800
1035
40325
160356
4193
163165
439290
147696
1085564
61082
2438
49989
61994
83742
99770
170319
16472
145848
95907
303239
44049
35751
14575
41302
345059
4298
8500
393722
99473
14928
21097
68895
39298
11353
2014
52552
1256805
296762
1664406
92573
71811
49535
10001
23899
8275
7006
8373
1934
821
6869
159594
23422
187
10447
10436
551
3422
8047
29410
10206
7530
7487
5932
110326
83672
7860
378427
496948
156993
542813
223437
3059
270996
742219
75079
44300
662573
53427
114686
291071
3304473
54087
427511
107320
1598750
43804
81934
4498
1181524
33651
1984664
59238
696146
31486
407759
9416
1270549
34291
125628
301851
1761059
10842
16263
7469
349062
89727
37646
215480
76146
55723
25511
134152
3762
568
47920
38292
23180
9005
552555
384119
446059
16023
107047
63113
644761
138338
258113
581042
937486
1038872
379775
506372
42575
17883
340961
213800
178669
299106
25877
203550
17522
125241
15808
91582
130391
298902
420094
118608
87357
952
549909
2304
137649
619294
49891
138473
346917
2107
10964
4807
18244
15264
8376
11043
33162
37127
52329
59617
98625
4892
112428
35384
92324
22009
164690
340298
67256
44310
92694
393922
139233
69690
49798
67692
165885
111260
24953
215714
16155
236542
76981
45664
131296
141771
878889
14487
84976
55780
1098282
10866
467291
29644
651911
456891
6729
10806
47021
28489
22767
1421665
763717
22273
158455
102669
165562
178696
39721
37183
286506
21713
837056
1562087
39786
579545
299337
10025
11638
665039
410293
17701
254545
3658
87423
27349
113409
928
198282
139895
426000
14180
567650
18572
68949
50787
109123
10441
201495
105998
274233
348099
122636
1354827
36171
8667
193760
15136
19251
13761
11380
44238
6136
88877
121309
142808
5686939
134191
146289
108004
205093
8344
200949
1077243
361470
56099
193
15659
103606
889963
1297400
156029
1143306
1498086
2162
4307
205400
306519
175479
1979
136135
3356
288156
1055
359303
8750
27705
61182
66284
150412
248353
4082
146802
39855
195365
108201
108915
173396
362501
457
67678
448686
127938
2275
123829
16534
62585
479024
18560
50373
80512
237910
114
71616
251
15621
115994
24019
202442
86780
23470
18311
5174
4045
202839
1704
284577
14199
48096
49249
9255
71041
3446
68895
14967
92997
1755388
882279
240546
249441
19720
180484
28352
14897
26935
80427
925081
3850
266597
160310
3349
56963
198372
104150
38051
171880
1315
141027
26784
24057
924326
123195
121424
20507
5548
793447
131443
210950
60039
769712
11683
28655
27263
26057
165856
35061
927109
1225258
1201578
2055267
57574
3310688
1426196
76733
85808
3353
4549
8912
40210
31320
22839
68924
44239
533
23359
35957
5264
5670
17802
44029
18268
25687
21142
3629
1058
25856
6912
26247
9029
1035
12015
37265
976
38728
32412
23594
1757
17241
6737
824
2339
18028
22104
13443
242
10324
16228
1118
41885
20556
25329
25372
32989
37947
26745
2113
24324
1486
11471
37
3129
921
9928
366
36333
700
5105
864
8301
9839
14782
3025
805
11099
5672
5312
1090
8664
7281
6991
3121
1026
8839
24290
2371
43431
26828
45130
27436
1944
25162
13862
1442
43228
3653
644
10162
7192
9045
1987
12308
195
5889
1025
10197
1363
23325
1105
386440
136218
19236
9116
843160
207959
7108
274043
193268
1948
36306
11084
103083
48198
16746
27348
11054
5154
30597
5520
20041
60714
31826
25014
429337
256303
46066
65438
72886
66954
33173
9146
187526
5050
75814
58506
8079
32495
16309
9150
5369
24361
179606
132940
50844
2003
76530
2797
12230
12814
480
10404
11998
355247
9739
19295
35390
54540
125336
45342
83847
11699
41143
132441
94216
103753
12505
29078
67968
80621
12047
225364
8448
48286
73248
136431
10063
105494
6430
6026
456691
104190
12598
181861
929686
80083
8427
600002
27742
68943
18568
456135
645335
25473
12958
25030
64871
123981
12470
45978
12225
490236
247843
695890
10220
67785
189903
47888
8359
426551
262608
546
18647
556579
14196
40174
1085931
136556
23728
102249
4070
12041
14274
17203
13483
6285
28884
29931
172833
17879
107377
26476
9456
15515
55147
68086
118188
14591
63700
73895
49100
6127
1701
341504
37998
3376
24115
580
54810
409501
6366
24342
289727
29176
50113
47250
201074
196894
475942
353034
670229
14890
4413
3271
8664
14874
9742
286889
110194
182028
356213
180173
52047
78738
102941
32716
93647
22571
9179
51326
66346
16385
32620
14540
6384
64004
120
65030
3678
93254
64546
24401
45312
59891
12364
52311
113993
38599
335363
102184
139373
23352
112689
15014
23484
120088
12122
23018
523906
8764
2711440
336158
1318835
88845
34046
139542
533342
11096
7798
115095
225876
92267
33678
146859
15083
332217
475839
14618
17464
979484
255936
94724
116267
111973
19858
137537
3008
4816
134339
171867
23187
5135
1661
4860
144730
182246
18095
155249
28682
3739
686171
31878
134144
193873
461502
189815
39825
70727
235903
16532
62434
396380
20808
479554
262963
6514
2109
214034
169310
743
507541
7770
6477
326758
54525
74521
33249
8602
59005
102619
20246
311685
1277
23303
279467
39499
35197
34269
24135
129533
33026
60414
56570
101206
12169
100139
2581087
153581
7211
38757
141935
93802
76565
57229
81038
120548
30969
99395
113673
22379
11754
33166
18394
104916
75711
513374
31939
28873
20295
381045
152402
9786
66518
37891
151079
232824
413153
39019
385047
4040
3491
4252
3566
196111
878468
476744
210082
152935
125735
1072
45885
113374
170411
20926
6208
100071
60530
480532
2221498
69603
2500150
191609
11407
2965
8956
664489
49629
380554
15998
57912
74306
189789
3635
148978
436535
346947
69139
11770
687239
25951
172481
1220984
31320
438823
12358
1273031
107272
3432
523347
70381
70469
160532
34903
556
130096
15477
9671
65077
9205740
4848
121366
2612694
131377
1760270
4156397
39539
1930577
37595
650946
4304
97115
93654
121634
72317
126363
45994
36691
8865
47107
31795
16745
151425
1519785
12313
7852
15427
93859
7080
8771
848975
6716
10321
4337
6558
43502
242678
13042
34386
5393
3129
1803
679
27327
228
11059
71524
4383
43362
1445
7459
38790
2663
16704
6490
8272
50843
37001
16018
12437
218444
82178
181472
653093
10184
9474
23923
6531
35426
8009
20160
42453
21602
47817
14631
32955
35498
4220
3835
11606
68322
45760
3593
2802
76118
11715
3019
128521
258715
95609
55610
143026
420705
69729
5160126
376014
59824
13145
1167286
27320
38342
7990756
2420
5129925
47721
29883
56480
2886201
425876
94445
11378067
30828
2125984
56994
69839
25038
23104
18300
32117
21372
24477
20155
11235
144060
105
6610
19487
13266
31696
20900
31505
9823
20394
31525
34623
14779
8145
6528
16927
62120
8126269
129407
14708
377293
153707
149635
1537816
45147
70815
15690
92749
18500
27121
62435
1820
6947
2088
423100
182443
125661
521142
1589791
488062
13166
1352597
290195
1043359
2252881
562798
1231957
4253573
4736
283761
65903
24844
8879
25581
913717
174221
88638
590422
2902386
4282429
1319511
9619
805461
1444925
1666385
183441
16988
122058
110985
13184
656748
10581
340666
1282080
121556
11816
40714
124854
147203
510999
25188
426134
1627052
326537
42660
1436048
9954
193925
518382
297285
39826
4420008
10652
3529431
5462107
16983
8401
5233
111688
126679
645081
40184
198031
884591
158235
682361
624952
1222916
1547667
11175
203840
114152
315194
3292
433135
106794
48209
63432
15674
17602
186135
21669
49278
206063
49089
15168
22758
37184
47953
38956
2359
80294
28733
93129
61258
11530
126505
2251
15824
61147
14635
20460
71502
11109
33216
501665
110534
3273415
2948216
40713
1665867
42146
903214
1245950
379072
33634
1126448
6357
4002400
2565202
2648409
109633
6590
270063
605827
3415
340
470
740913
586451
242646
327109
301324
8050
1996
28777
4736
13824
74083
555753
5506
1647153
1246469
382611
1139
40340
3598699
68008
707909
4263025
22819846
8520903
5824
12295905
594303
1666
2684316
65291
1020980
468223
1563684
4426009
6514465
31121
24201
4953
38481
6716234
3476588
19013969
1461941
375557
203158
1397404
67785
93020
9552168
82
1358627
1450
5769
6158383
990
278797
202127
9533223
386237
116817
355758
30026
37929
36884
6953252
24207392
166186
8995141
4165304
421113
1261469
67415
87394
101302
14366386
7086922
772914
75096
70888
7228
111382
91109
22667
92560
51876
20562
78378
6279
624501
11204
15829
1899
21053
60021
7057429
3182589
5424198
4635071
756605
398227
892931
1147838
6869265
13983
179040
155816
313545
53072
58107
104491
487099
1082330
523593
38591
279181
1019744
558668
1445316
424854
82242
7554
73619
7863868
5193
9079
51330
25420
5496564
611200
22720438
9086247
86601
3141256
2758432
716534
2453555
399762
1260312
777979
42044
34306
3029
18011
6510
80910
2119980
334807
3471821
554435
38139
4380203
100748
912
78470
80099
362086
119457
119076
219221
99232
44994
84683
88169
84209
62282
173151
49160
6671
539735
345424
729538
2127059
4015
31520
418505
23501
13288
20948
865
1276974
223242
143661
273799
65055
13821
4610
11393
2763
3670
4801573
3038749
37052
19775581
1454797
3922378
1058155
42801
64118
66180
25872
67197
1536154
677871
59439
72803
12024
9174
864311
223563
488466
39633
222048
831842
535238
44000
269695
1015400
352741
277949
94700
136966
13089
451875
157948
12018
20044
202167
87980
8192
130269
12474426
1044707
31020
11606
109203
3607699
55234
222169
107933
114069
6176649
4633
980455
51539
30165
2650
190007
1077332
89667
85928
89508
8135
120881
1850848
13497
202678
5368805
947198
8705612
188303
7749761
689616
2763261
550754
46865
11436
16046
84630
3386
83821
31893
306778
5462
866
205388
19948
679232
64009
6519
5373951
7265070
7778
3431799
70693
6981538
585710
16687952
382895
6420952
1603
1091122
82984
89823
325521
7980418
9647
240349
480161
1112089
542035
44789
282770
278531
12821565
4309506
12040
15015
6966229
394103
26289
155652
650899
938517
83068
560
162563
19410
3609
1886673
998275
534119
439347
44133
24148
159080
183227
76888
1061
14325
85743
26610
144417
74125
25660
12374
6398
1092580
405719
1440
257492
133755
10021
80275
87977
59389
77286
18960
16652
270128
31405
3253
7555
886954
132740
315101
20644
26327
6892
167924
110672
98731
319594
113068
27853
109261
10906
389118
3837
444127
19860
21338
51811
46155
101288
30964
4922
234912
23734
161045
1230470
380346
105675
11484
1239922
507029
91730
269508
76996
725219
683464
243602
85269
17688
5746
399042
5866
6190
1099887
134483
11351
109375
159283
11205
51118
513317
147139
262644
4362
7438
2447
150570
314553
6314
384421
88096
20562
44453
14619
57083
572375
34684
52479
8553
82277
1568976
137491
101058
1418424
77924
2073961
371007
217708
224506
85262
231011
21062
2965
2248457
29305
328235
21960
13047
53170
191765
50379
29735
232898
214514
12631
787871
283567
245615
256702
661136
34814
17327
192609
56463
5910
89851
1245
178715
1479810
17921
299876
2129703
2587
139923
32266
1272632
1757578
138277
2604390
32471
2753488
8520051
11149244
6253839
26140
1590668
2476
64376
1562
14733
55
8191
34742
53901
7819
4444
31707
3829
945297
18899
4154
485803
2463
172868
29965
11253
2378180
518
1686219
5725388
34170
7921
163149
44663
18755
61768
313569
22820
242597
2663742
1568781
5040180
36577
414760
1343
24400
63369
10517
71907
88751
69273
1631890
205384
42638
34943
27876
1512037
1791631
165301
34072
1158704
811941
1971345
823184
231147
12660
6387
1141857
12759
64289
102766
29094
1436132
937118
589809
503849
35936
313570
58434
413230
1357386
306306
7118710
6685158
70970
1832109
2075777
718463
16520
11024
3507394
7177
20592
164772
8414
10309
73866
75173
5360730
1737954
1140576
42189
617029
1291
13898220
2424758
30074
47316
10391917
7322459
330942
287178
1220614
7543867
689854
2725467
364947
9762
39160
9212
1954072
1485936
26673
33983
1181348
5756248
1341
215078
467726
1081259
758409
54554
1866322
36730
448315
14298441
6756153
4837790
206180
5931594
526542
2888600
3444098
6357451
184123
432703
476314
454509
70312
1931522
51683
6742
82679
90897
627957
282517
3013
189601
390322
388167
219619
1941
92291
89686
549940
261479
80293
74036
2123
38801
5849
62015
824289
693077
651752
1259103
949336
402986
1258812
693005
34865
47581
212140
588997
355391
87657
712646
203533
3165353
3374029
13244493
1
41125
2625
663232
1428946
553590
698188
56530
221733
29713
404784
259387
327108
156652
53418
178259
13895
42752
129760
34548
1657371
54110
180743
129976
177495
11035
36394
7818
7359
220784
8594
14638
10550
1237888
531515
10188
62541
93691
11478
9673
62693
122422
296606
13517
4149
16315
27589
57894
429479
19705
60115
275
156448
7428
26974
30033
18733
322891
19581
109113
4215
19870
2456
30630
134588
464073
7787
687724
47604
251308
286700
3147
13125
4467
429328
178243
47728
148601
33454
203880
1006211
308802
4831412
503274
2790
87616
16390
11390
14752
7535
80424
1399127
62604
100195
309133
153429
36028
189123
3428
42421
549
60026
89882
64143
4984064
192088
825796
45973
100479
45875
6167
2207
5850
2638
440533
12235
25674
17153
1276
347
123754
12252
8553
1935457
4254246
152474
2581787
3047
16563823
1085811
19200
37299
4564225
619132
489280
157782
14890
233899
5038
802553
71038
434801
48731
67528
144120
688491
46970
5875
